Group1.36	21251	22456	22528	23199
Group1.36	172933	173099	173204	173311
Group1.36	25744	26714	26812	27050
Group1.36	24808	25643	25744	27050
Group1.36	24332	24677	24808	25643
Group1.36	24332	25643	25744	26714
Group9.3	304773	307035	307230	312240
Group9.3	240014	252247	252274	272122
Group9.3	109756	114376	114439	119542
Group9.3	109756	114376	114439	127157
Group9.3	109756	119542	119593	127157
Group9.3	307230	309874	309985	312240
Group9.3	102803	104300	104360	109162
Group9.3	114439	119542	119593	126599
Group9.3	114439	119542	119593	127157
Group9.3	114439	126599	126635	127157
Group9.3	119593	126599	126635	127157
Group16.6	67564	68548	68639	69354
Group5.20	276334	277289	277381	280232
Group5.20	277381	279807	279848	280232
Group5.20	395234	395328	395369	395488
Group5.20	498979	507457	507704	509152
Group5.20	498979	509152	509350	515705
Group5.20	137719	137815	137875	137964
Group5.20	66943	67502	67544	67612
Group5.20	66943	67502	67550	67612
Group5.20	543751	546435	546528	547681
Group1.4	112244	113395	113476	115839
Group1.4	228304	253584	253625	280601
Group1.4	116025	144267	144309	144938
Group1.4	282908	283650	283671	284384
Group13.12	253975	256022	256238	258348
Group13.12	205188	205312	205517	223067
Group13.12	1682243	1684014	1684053	1685055
Group13.12	282765	284297	284483	285598
Group13.12	1324779	1325143	1325394	1325461
Group13.12	1324779	1325143	1325531	1326057
Group13.12	1324779	1325143	1325535	1326057
Group13.12	1324779	1325461	1325531	1326057
Group13.12	1324779	1325461	1325535	1326057
Group13.12	1679640	1680853	1680900	1681313
Group13.12	333518	334093	334116	334779
Group13.12	1773490	1804797	1804894	1855938
Group13.12	1679644	1680853	1680900	1681313
Group1.15	100910	102381	102408	103672
Group1.15	31117	32698	32809	33460
Group1.15	34255	35822	35843	37152
Group1.33	388571	388754	388793	388899
Group1.33	412692	415225	415351	415702
Group1.33	412692	415225	415360	415702
Group1.33	386622	387039	387095	387680
Group1.33	199062	199347	199443	199575
Group15.19	1984617	1989870	1989921	1997673
Group15.19	3439574	3447134	3447334	3448156
Group15.19	1847040	1847978	1848041	1848451
Group15.19	3500602	3500669	3500786	3502103
Group15.19	822892	824881	825231	832037
Group15.19	976311	978772	978924	978991
Group15.19	3922174	3926096	3926153	3930580
Group15.19	1690182	1690765	1690806	1690934
Group15.19	350259	350445	350579	354776
Group15.19	1966166	1967667	1967756	1976448
Group15.19	1966166	1967667	1967918	1976448
Group15.19	2305151	2305497	2305535	2305816
Group15.19	2305151	2305497	2305945	2307052
Group15.19	2305151	2305497	2305960	2307052
Group15.19	2305151	2305816	2305945	2307052
Group15.19	2305151	2305816	2305960	2307052
Group15.19	1686614	1690145	1690182	1690765
Group15.19	1686614	1690145	1690229	1690765
Group15.19	1686614	1690145	1690182	1690934
Group15.19	1686614	1690765	1690806	1690934
Group15.19	1967756	1972365	1972518	1976448
Group15.19	1624080	1625360	1625451	1625766
Group15.19	3560683	3561592	3561649	3563143
Group15.19	1953473	1965995	1966166	1976448
Group15.19	1977382	1981567	1981660	1983708
Group15.19	2764634	2764856	2765034	2765377
Group15.19	1848596	1849006	1849273	1849367
Group15.19	1897602	1898476	1898523	1899348
Group15.19	2163897	2163981	2164010	2164135
Group15.19	273449	273820	273847	274544
Group15.19	364258	367689	368120	369002
Group15.19	364258	369002	369113	370844
Group15.19	1895624	1896150	1896214	1897130
Group15.19	1896214	1896675	1896709	1897130
Group15.19	1181955	1236770	1236815	1274210
Group15.19	1925613	1926955	1927030	1953277
Group15.19	2145344	2145587	2145754	2158242
Group15.19	1898523	1899348	1899407	1900010
Group15.19	2239423	2240047	2240431	2240953
Group15.19	2239423	2240064	2240431	2240953
Group15.19	2272551	2272747	2272784	2272898
Group15.19	2272551	2272747	2273108	2273370
Group15.19	2272551	2272898	2273108	2273370
Group15.19	795909	822807	822892	824881
Group15.19	1040877	1057770	1057830	1181857
Group15.19	1040877	1057770	1057934	1181857
Group15.19	1452917	1453295	1453535	1454391
Group15.19	1895127	1895444	1895624	1897130
Group15.19	976344	976412	976448	978772
Group15.19	976344	978772	978924	978991
Group15.19	2286448	2286512	2286576	2287303
Group15.19	2286448	2286518	2286576	2287303
Group15.19	2802919	2804834	2805010	2805761
Group4.16	367804	370414	370668	374006
Group4.16	367804	370414	370856	374006
Group4.16	367804	372443	372518	374006
Group4.16	582712	582842	582878	583242
Group4.16	193643	194424	194744	194918
Group4.16	193643	194424	194794	194918
Group4.16	193643	194428	194744	194918
Group4.16	193643	194428	194794	194918
Group4.16	193643	194440	194744	194918
Group4.16	193643	194440	194794	194918
Group4.16	784932	786205	786345	788038
Group4.16	835155	836517	836635	837026
Group4.16	762654	765314	765463	770933
Group4.16	198458	199184	199392	199534
Group4.16	753795	755258	755394	761534
Group4.16	364129	364310	364379	365419
Group4.16	364129	364310	364379	366842
Group4.16	364129	365419	365500	366842
Group4.16	364379	365419	365500	366842
Group4.16	765463	769584	769702	770933
Group4.16	195327	195957	196109	197721
Group4.16	571209	571383	571452	571646
Group4.16	475856	479675	480074	493281
Group9.7	980532	986564	986633	996193
Group9.7	106795	114877	114946	115418
Group9.7	49795	114877	114946	115418
Group9.7	805015	809423	809453	823235
Group9.7	799004	802559	802616	804777
GroupUn139	69523	79446	79586	82670
Group8.5	380353	381564	381606	382101
Group8.5	165318	186982	187041	205148
Group8.5	87630	87945	88071	88211
Group8.5	21051	22846	22962	24130
Group6.26	13173	14419	14560	15855
Group5.2	541951	542736	542903	545009
Group5.2	1318901	1322707	1322740	1328464
Group5.2	1083322	1084684	1085062	1088881
Group5.2	1083322	1084684	1085119	1088881
Group5.2	1083322	1084819	1085062	1088881
Group5.2	1083322	1084819	1085119	1088881
Group5.2	1083322	1084906	1085062	1088881
Group5.2	1083322	1084906	1085119	1088881
Group5.2	1083322	1087080	1087120	1088881
Group5.2	755263	772053	772136	793833
Group8.8	911253	912500	912723	914969
Group8.8	811872	813672	813708	816430
Group8.8	825248	846105	846174	851250
Group8.8	762817	763520	763580	764248
Group8.8	820598	825115	825248	851250
GroupUn145	30322	30396	30457	30577
Group14.1	226264	227111	227244	227400
Group14.1	130389	130478	130514	130825
Group14.1	243054	243174	243387	243655
Group14.1	131016	132482	132618	133613
Group11.12	65627	66364	66760	67672
Group11.12	65624	66364	66760	67672
Group11.12	158181	158263	158397	158705
Group11.12	71450	71571	71587	71673
Group8.13	203026	204993	205180	217074
Group8.13	222264	222334	222417	222808
Group3.4	330989	331483	331513	332368
Group3.4	370312	370671	370802	370899
Group3.4	500710	503687	503840	508157
Group2.17	498970	500097	500268	502959
Group2.17	495256	500097	500268	502959
Group2.17	820056	820165	820264	820383
Group2.17	820056	820181	820264	820383
Group2.17	473878	474206	474377	475086
Group2.17	495259	500097	500268	502959
GroupUn146	6846	8731	8830	10785
Group11.3	71343	71563	71675	115093
Group11.3	200334	204414	204434	204874
Group4.5	1266043	1267467	1267573	1267770
Group4.5	1177198	1177585	1177681	1177992
Group4.5	1261475	1264847	1265285	1265583
Group4.5	1259733	1260192	1260222	1260620
Group4.5	397337	398150	398209	398407
Group4.5	932130	933510	933731	934977
Group4.5	933731	934977	935198	935924
Group4.5	930857	930941	931060	931457
Group4.5	1281720	1282057	1282176	1282290
GroupUn78	39680	40362	40665	41994
Group10.13	147185	147329	147722	148290
Group10.13	147185	147646	147722	148290
Group10.13	216716	217851	217977	218954
Group10.13	239528	243974	243998	245447
Group3.14	1127770	1150469	1150511	1154506
Group3.14	984587	984900	985004	985262
Group3.14	956569	957215	957257	958372
Group3.14	954203	955873	956161	956520
Group3.14	959631	960005	960083	960399
Group3.14	984081	984483	984587	984900
Group3.14	541782	542310	542739	543386
Group3.14	541782	542313	542739	543386
Group3.14	582269	583267	583297	583763
Group3.14	580722	582182	582269	583267
Group3.14	220031	262912	262961	284289
Group3.14	149105	150317	150438	150900
Group3.14	149105	150317	150543	150900
GroupUn43	54221	54333	54436	54510
Group10.21	201874	202884	202944	204647
Group7.24	423064	423388	423823	424845
Group7.24	903011	905538	905703	909834
Group7.24	903011	905583	905703	909834
Group7.24	423823	424364	424411	424845
Group7.24	553455	554015	554327	554496
Group7.24	553455	554036	554327	554496
Group7.24	553455	554039	554327	554496
Group7.24	572659	575692	575752	594419
Group7.24	549248	549963	550019	550858
Group7.24	549248	550858	550933	551391
Group4.13	822772	841724	841865	843696
Group4.13	822772	841724	841865	844783
Group4.13	822772	843696	843781	844783
Group4.13	1220159	1220899	1221031	1221502
Group4.13	1220159	1220944	1221031	1221502
Group4.13	2260210	2260282	2260294	2260366
Group4.13	2260210	2260282	2260294	2260378
Group4.13	212126	212582	212645	213222
Group4.13	719001	777869	778110	778894
Group4.13	963421	963551	963584	963795
Group4.13	211560	212006	212126	212582
Group4.13	211560	212006	212126	213222
Group4.13	211560	212582	212645	213222
Group4.13	561208	562400	562557	563790
Group4.13	1221031	1224189	1224297	1224485
Group4.13	1844284	1844577	1844653	1845072
Group4.13	2260102	2260174	2260210	2260282
Group4.13	2260102	2260198	2260210	2260282
Group4.13	997961	998038	998086	998166
Group4.13	1065044	1066308	1066395	1072631
Group4.13	1839300	1844577	1844653	1845072
Group4.13	396626	401934	402178	403350
Group4.13	778110	778894	779191	781651
Group4.13	1136057	1146480	1146626	1198605
Group4.13	1136057	1146480	1146632	1198605
Group4.13	626040	643503	643717	645184
Group4.13	495940	496676	496889	496996
Group4.13	958088	958625	958679	959094
Group4.13	958088	958625	958679	959100
Group4.13	1113707	1133934	1133997	1135828
Group4.13	664565	664729	664912	665395
Group4.13	664565	664729	665152	665395
Group4.13	664565	664729	665191	665395
Group4.13	664565	664951	665152	665395
Group4.13	664565	664951	665191	665395
Group4.13	1224596	1225041	1225146	1225757
Group4.13	218730	220229	220292	221782
Group4.13	841865	843696	843781	844783
Group4.13	806707	822527	822772	841724
Group4.13	667859	668256	668314	669925
Group4.13	214324	218578	218730	220229
Group4.13	278701	278773	278797	278869
Group4.13	665551	666194	666332	667157
Group4.13	211113	211500	211560	212006
Group4.13	211113	211500	211560	212582
Group4.13	211113	211500	211560	213222
Group4.13	211113	212006	212126	212582
Group4.13	211113	212006	212126	213222
Group4.13	211113	212582	212645	213222
Group4.13	1271582	1271805	1271841	1272026
Group4.13	1097139	1109454	1109679	1112354
Group4.13	2040016	2131784	2131922	2159346
Group4.13	581796	582147	582318	582477
Group4.13	665563	666194	666332	667157
Group4.13	222728	223124	223199	224081
Group4.13	326043	326448	326714	327189
Group4.13	326043	326646	326714	327189
Group4.13	1707129	1707269	1707392	1707653
Group13.7	698276	702190	702229	703181
Group13.7	1048256	1048971	1049142	1050426
Group13.7	1979802	1979885	1980271	1980353
Group13.7	1979802	1979985	1980271	1980353
Group13.7	1979802	1980007	1980271	1980353
Group13.7	1278519	1279034	1279142	1279285
Group13.7	708316	741228	741318	767605
Group13.7	1006708	1007088	1007178	1008229
Group13.7	2144190	2144681	2144764	2146789
Group13.7	1050855	1051254	1051329	1051988
Group13.7	942981	946157	946635	951430
Group13.7	960937	961319	961386	971368
Group13.7	605528	606500	606586	606999
Group13.7	638727	638850	638869	639002
Group13.7	696667	698009	698276	703181
Group13.7	1004129	1005243	1005675	1006361
Group13.7	705357	706525	707020	708199
Group13.7	705357	706582	707020	708199
Group13.7	705357	708199	708316	711652
Group13.7	594747	594899	595007	595231
Group1.7	525835	527272	527505	528514
Group1.41	485779	487029	487193	487337
Group1.41	243655	244638	244785	246691
Group1.41	243655	244687	244785	246691
Group1.41	711436	717076	717142	717788
Group1.41	1320507	1320766	1320940	1321101
Group1.41	1320507	1320791	1320940	1321101
Group1.41	1010490	1010783	1010882	1011184
Group1.41	537356	539978	540017	541026
Group1.41	205008	228366	228513	241231
Group1.41	205008	228370	228513	241231
Group1.41	78300	78408	78489	78591
Group1.41	480442	481626	481653	482863
Group1.41	1319469	1319786	1320137	1320275
Group1.41	477346	477902	477971	478090
Group1.41	707504	717076	717142	717788
Group1.41	707504	717788	717833	718871
Group1.41	151190	151744	151843	151937
Group1.41	958800	959111	959270	959627
Group1.41	942533	943304	943416	944623
Group1.41	704031	704184	704202	705019
Group11.16	1539200	1539485	1539527	1539852
Group11.16	346002	346073	346100	346247
Group11.16	785592	785865	785970	787695
Group11.16	1482204	1482389	1482410	1482559
Group11.16	368072	368403	368441	368602
Group11.16	1451385	1451509	1451659	1452152
Group11.20	927196	927620	927707	927953
Group11.20	761258	762018	762182	764262
Group11.20	743439	746278	746407	746991
Group11.20	439222	439291	439345	439455
Group11.20	447243	447353	447499	447620
Group11.20	447243	447404	447499	447620
Group11.20	877014	879282	879410	888609
Group11.20	545452	546135	546267	547102
Group11.20	784248	784490	784600	784873
Group11.20	784248	784512	784600	784873
Group11.20	920458	921620	921681	922007
Group11.20	458926	459161	459247	459707
Group11.20	551065	551498	551590	552458
Group11.20	551065	551498	551665	552458
Group11.20	798520	798686	799156	799376
Group11.20	798520	798761	799156	799376
Group11.20	783808	784008	784248	784873
Group11.20	918802	920057	920458	922007
Group11.20	129037	129388	129467	129528
Group11.20	848321	860158	860218	860843
Group11.20	848321	860158	860482	860843
Group11.20	848321	860161	860218	860843
Group11.20	848321	860161	860482	860843
Group11.20	865548	865781	866128	866377
Group11.20	739196	740665	740777	746278
Group11.20	739196	743330	743439	746278
Group11.20	204849	207761	207853	208541
Group11.20	862081	862747	862885	863501
Group11.20	224312	226422	226646	227375
Group11.20	721537	721650	721668	721777
Group11.20	217610	220910	221084	222328
Group11.20	217610	220910	221084	224086
Group11.20	971685	972331	972364	972883
Group11.20	620980	621498	621641	623390
Group7.6	210686	210828	210862	211383
Group7.6	219473	219542	219617	219831
Group6.13	24493	29162	29315	31039
Group6.13	24493	29162	29323	31039
Group6.13	24493	29162	29326	31039
Group10.28	175777	177364	177394	184308
Group10.28	175777	184308	184354	189268
Group10.28	168715	170211	170275	172866
Group10.28	193138	195173	195257	195555
Group10.28	193138	195180	195257	195555
GroupUn180	34878	35712	35865	37406
Group7.17	96765	99587	99659	101271
Group7.17	99659	101271	101387	101565
Group7.17	698312	698860	699016	699097
Group7.17	91643	93614	93711	94881
Group7.17	96807	99587	99659	101271
Group7.17	718237	718999	719081	720463
Group5.18	466318	468642	468960	469783
Group5.18	641429	641688	641881	642330
Group5.18	573167	576744	576905	578055
Group5.18	349531	356552	356680	374577
Group5.18	306851	307539	307647	308018
Group5.18	321418	322282	322321	323650
Group14.13	414316	414415	414806	415008
Group14.13	41078	41232	41624	46229
Group14.13	41078	41415	41624	46229
Group14.13	41078	41438	41624	46229
Group14.13	207768	208688	208739	209737
Group14.13	709249	709771	709867	711671
Group14.13	1277918	1278717	1278943	1279898
Group14.13	1277918	1278733	1278943	1279898
Group14.13	1531303	1535425	1535602	1536152
Group14.13	205135	205785	205842	207600
Group14.13	205135	207024	207114	207600
Group14.13	705646	707493	707571	708342
Group14.13	265598	266135	266215	266595
Group14.13	1460585	1461906	1462185	1462842
Group14.13	29997	30454	30760	31402
Group14.13	29997	30545	30760	31402
Group14.13	708667	709108	709249	709771
Group14.13	708667	709108	709249	711671
Group14.13	708667	709108	709317	711671
Group14.13	708667	709771	709867	711671
Group14.13	1466889	1468644	1468786	1469808
Group14.13	714507	720329	720350	722404
Group10.24	151595	157506	157651	157981
Group10.24	150716	151409	151595	157506
Group10.24	164020	165407	165564	170672
Group10.24	164020	167598	167727	170672
Group10.24	164020	168222	168433	170672
Group10.24	78666	79371	79557	80464
Group10.24	127693	128440	128668	129324
Group10.24	147061	147858	147906	149790
Group10.24	147061	147882	147906	149790
Group10.24	158996	163500	163637	163840
Group10.24	127840	128440	128668	129324
Group10.24	129556	136603	136686	146364
Group3.7	113305	113376	113455	113661
Group3.7	11993	12121	12163	12639
Group3.7	21929	28120	28549	29631
Group3.7	339174	340410	340683	341220
Group9.4	402109	402191	402262	404136
Group16.2	128475	128835	128898	130786
Group16.2	695297	696168	696261	696507
Group16.2	704217	704509	704623	704895
Group16.2	217748	219056	219153	219343
Group16.2	217748	219117	219153	219343
Group16.2	308357	314715	314985	321789
Group16.2	1292890	1382868	1382984	1449412
Group11.11	83966	91041	91080	114841
Group11.11	144743	148362	148483	170353
Group12.5	461901	463443	463718	464303
Group12.5	461901	463446	463718	464303
Group12.5	44369	46190	46235	47579
Group12.5	416707	418919	418994	420618
Group12.5	418994	420618	420672	427199
Group12.5	409201	410253	410289	412118
Group12.5	459465	460895	460931	461766
Group12.8	291980	292226	292262	316275
Group12.8	607804	609817	609896	640083
Group12.8	287852	291857	291980	316275
Group12.8	287852	291857	292262	316275
Group12.8	4798	81597	81756	150061
Group12.8	4798	150061	150100	225826
Group7.22	187353	188290	188462	190565
Group7.22	579511	580138	580223	580698
Group7.22	353200	355494	355636	377034
Group7.22	353200	355497	355636	377034
Group7.22	383687	387402	387561	399056
Group7.22	383687	391715	391893	399056
Group7.22	383687	391715	391920	399056
Group7.22	581921	582882	582945	583531
Group7.22	637063	637206	637257	637790
Group7.22	184549	184632	184722	184794
Group7.22	93324	93946	94251	97979
Group7.22	93324	94209	94251	97979
Group13.4	556404	568483	568759	571415
Group13.4	539365	568483	568759	571415
Group13.4	586959	601010	601037	630272
Group13.4	617070	620290	620332	630272
Group13.4	647445	647829	647877	648014
Group1.18	72023	105363	105604	138816
Group1.23	489772	490319	490488	490789
Group1.23	489772	490789	490854	491288
Group1.23	136026	136110	136292	143207
Group1.23	498769	502060	502130	502864
Group1.23	311582	313757	313847	314383
Group1.23	679063	679717	679855	680388
Group1.23	309702	309805	309981	310443
Group1.1	381658	381941	382056	382517
Group1.1	381658	381941	382163	382517
Group1.1	1266035	1266644	1266874	1267761
Group1.34	54040	60191	60322	60876
Group1.34	269942	271860	271899	273293
Group1.34	269942	271860	271899	273341
Group1.34	269942	273293	273570	276224
Group1.34	269942	273293	273597	276224
Group1.34	269942	273293	273570	279606
Group1.34	269942	273293	273597	279606
Group1.34	269942	273341	273570	276224
Group1.34	269942	273341	273597	276224
Group1.34	269942	273341	273570	279606
Group1.34	269942	273341	273597	279606
Group1.34	269942	276224	276266	279606
Group1.34	273597	276224	276266	279606
Group1.34	273597	276224	276266	279612
Group1.34	64582	65527	65590	66498
Group1.34	361747	362196	362244	363914
Group1.34	61011	62450	62516	63884
Group1.34	273570	276224	276266	279606
Group1.34	438858	448530	448683	469978
Group1.34	71164	73017	73404	74153
Group1.34	71164	73017	73413	74153
Group1.34	237257	238157	238231	239238
Group1.34	448683	458641	458692	469978
Group1.34	65590	66498	66594	67349
Group1.34	567426	569033	569141	573558
Group1.21	507983	510350	510535	511714
Group1.21	584561	585880	585951	586062
Group1.21	423117	424881	424988	426411
Group1.21	584854	585880	585951	586062
Group1.21	534199	536543	536636	537322
Group1.21	92121	92953	92980	93939
Group13.1	7801	16459	16552	21768
Group6.20	802441	803452	803478	803894
Group6.20	831009	831889	831901	832089
Group6.20	1490806	1492857	1492883	1500471
Group6.20	1428857	1428957	1429028	1429096
Group6.20	1776016	1776368	1776422	1776900
Group6.20	1011786	1012794	1012998	1024839
Group6.20	819964	820114	820234	820411
Group1.3	40153	40679	40827	40916
Group1.3	333146	333410	333556	333719
Group1.3	356241	357014	357107	357723
Group1.3	356220	357014	357107	357723
Group1.3	72867	72982	73009	73616
Group4.9	872450	876071	876215	879808
Group4.9	2109312	2109971	2109980	2110407
Group4.9	1906743	1909579	1909831	1912806
Group4.9	1906743	1912806	1912923	1914073
Group4.9	346819	346939	346968	347344
Group1.43	933851	935955	936068	937328
Group1.43	933829	935955	936068	937328
Group1.29	359484	365857	365917	367561
Group1.29	349796	351820	352213	353326
Group1.29	349796	351820	352213	354984
Group1.29	349796	353326	353479	354984
Group1.29	349796	353326	353491	354984
Group1.29	416453	416705	416771	417089
Group1.29	261249	261919	262029	262213
Group1.29	261249	261966	262029	262213
Group1.29	1534932	1543594	1543914	1546784
Group1.29	217587	217790	217838	217979
Group1.29	1342691	1344948	1344996	1345313
Group1.29	180631	180715	180795	180878
Group1.29	591190	591701	591812	593360
Group1.29	306859	308131	308217	310242
Group1.29	306859	309751	310109	310242
Group1.29	306859	309751	310161	310242
Group1.29	1156731	1157055	1157076	1157250
Group1.29	352213	353326	353479	354984
Group1.29	352213	353326	353491	354984
Group1.29	1066085	1074360	1074484	1074560
Group1.29	204393	204581	204611	204745
Group1.29	1812282	1812720	1812960	1813790
Group1.37	1151251	1152489	1152534	1154199
Group1.37	1515369	1515924	1515936	1516097
Group1.37	1515369	1515924	1516205	1516565
Group1.37	1515369	1516097	1516205	1516565
Group1.37	1155833	1161894	1162092	1163402
Group1.37	1385055	1419846	1420095	1430166
Group1.37	1385055	1430166	1430259	1432227
Group1.37	1287134	1287765	1287819	1287952
Group1.37	2310769	2311396	2311504	2311594
Group13.15	115324	116297	116426	121165
Group13.15	8150	8507	8610	9018
Group15.14	392107	392209	392642	393021
Group15.14	392107	393021	393147	393472
Group15.14	1221591	1223743	1224143	1225040
Group2.9	313865	329758	329857	336041
Group15.9	213244	214023	214506	220052
Group15.9	333422	333838	333965	334169
Group6.10	358329	358424	358792	359250
Group6.10	358329	358618	358792	359250
Group6.10	68775	71392	71437	72756
Group6.10	68775	71392	71513	72756
Group6.10	44164	51999	52053	63765
Group11.6	1465568	1465851	1465926	1468398
Group11.6	1398440	1400287	1400450	1401931
Group11.6	12191	12816	12978	13762
Group11.6	12191	12816	12984	13762
Group11.6	1049031	1049765	1049860	1050105
Group11.6	1043130	1043590	1043611	1043858
Group11.6	1349478	1350098	1350149	1353192
Group11.6	1349478	1350098	1350161	1353192
Group8.21	237416	238734	238838	241017
Group8.21	218299	224481	224576	225155
Group8.21	218299	224481	224665	225155
Group8.21	557735	560414	560743	564249
Group8.21	914971	916355	916462	920035
Group8.21	914971	916355	916465	920035
Group8.21	909624	910952	911009	911518
Group8.21	729166	729295	729548	730678
Group7.12	361165	379680	379790	389264
Group7.12	284900	294596	294717	318679
GroupUn148	55309	55407	55535	56107
Group12.6	205074	208020	208143	212623
Group12.6	205074	211477	211490	212623
Group12.6	238581	243629	243740	245668
Group12.6	238581	243710	243740	245668
Group7.1	60368	62111	62230	63319
Group7.1	60368	62118	62230	63319
Group8.7	22860	23135	23358	23704
Group8.7	22860	23171	23358	23704
Group8.7	1695066	1696145	1696260	1696476
Group8.7	1804999	1805308	1805490	1805602
Group6.36	255577	256312	256688	258158
Group6.36	204257	205633	205720	207744
Group4.12	16642	18289	18344	25445
Group4.12	703	4063	4099	5728
Group4.12	101646	102441	102518	103089
Group4.12	49246	51365	51383	55433
Group4.12	56026	63815	63920	66109
Group9.12	56989	59299	59439	61919
Group9.12	56989	59299	59592	61919
Group9.12	1039949	1041750	1041849	1042570
Group9.12	1677330	1677719	1677844	1680515
Group9.12	1677330	1677719	1677854	1680515
Group9.12	1489888	1522484	1522981	1523875
Group9.12	1489888	1585028	1585260	1586382
Group9.12	1489888	1588784	1588983	1589951
Group9.12	1489888	1588784	1589010	1589951
Group9.12	543427	543501	543616	544034
Group9.12	307368	318809	318842	337098
Group9.12	881361	882139	882295	885634
Group9.12	881361	882139	882295	886244
Group9.12	881361	885634	885691	886244
Group9.12	1362453	1362989	1363021	1363309
Group9.12	1362453	1362989	1363021	1368238
Group9.12	33152	33609	33677	33840
Group9.12	1349528	1350129	1350195	1350398
Group9.12	1349528	1350156	1350195	1350398
Group9.12	882295	885634	885691	886244
Group3.19	33018	38107	38247	49251
Group15.8	39330	39459	39612	39728
Group1.14	141272	145894	145915	151175
Group1.14	118386	119183	119255	120028
Group11.15	186961	203782	204098	207032
Group11.15	207570	208118	208179	208846
Group13.14	156184	157205	157256	159749
Group13.14	204794	206270	206343	207989
GroupUn94	48171	48526	48544	48701
Group1.40	4367	4678	5029	5167
Group1.40	616582	618312	618422	620615
Group1.40	5399	5656	5830	5989
Group1.40	5399	5681	5830	5989
Group8.3	414041	431425	431494	459336
Group13.5	572064	572200	572257	572502
Group13.5	132757	133107	133155	133463
Group13.5	25416	26690	27016	46195
Group16.1	108056	108994	109221	109660
GroupUn110	7886	8442	8554	8950
Group5.14	1193551	1195163	1195266	1197399
Group5.14	521272	521434	521470	521614
Group5.14	1070640	1070795	1070876	1071030
Group5.14	660755	667373	667422	669566
Group5.14	547002	551167	551240	551553
Group5.14	2446318	2446658	2446772	2446917
Group5.14	1639968	1640336	1640381	1640479
Group5.14	1066330	1067989	1068092	1069791
Group5.14	2056220	2056472	2056565	2056678
Group5.14	2560434	2561113	2561155	2561623
Group5.14	1786201	1787990	1788101	1788923
Group5.14	1641888	1641984	1642092	1642206
Group5.14	1641888	1641993	1642092	1642206
Group5.14	653463	660706	660755	667373
Group5.14	653463	660706	660755	669566
Group5.14	653463	664916	664965	669566
Group5.14	653463	667373	667422	669566
Group5.14	653463	669566	669684	670057
Group5.14	2066907	2067283	2067364	2067784
Group5.14	1063752	1067989	1068092	1069791
Group5.14	1149031	1150271	1150332	1152494
Group5.14	2418275	2420859	2421042	2422261
Group5.14	670331	671895	672272	672961
Group5.14	670331	671895	672296	672961
Group5.14	1214760	1215319	1215358	1215821
Group5.14	2532255	2535145	2535172	2535508
Group5.14	639358	639439	639921	640136
Group5.14	1787357	1787990	1788101	1788923
GroupUn171	13747	13998	14064	16155
Group1.22	593989	594829	595319	597413
Group1.22	392131	392234	392261	395393
Group1.22	673957	674960	675005	675252
Group1.22	198455	198621	198703	198905
Group1.22	577873	578044	578110	578365
Group1.22	413563	413638	413683	413920
Group1.22	413563	413638	413683	413929
Group1.22	577864	578044	578110	578365
Group1.22	541602	544097	544361	548740
Group1.22	541602	544097	544361	552718
Group1.22	541602	548740	548791	552718
Group1.22	96061	97875	98346	99989
Group1.22	544361	548740	548791	552718
Group2.15	1070984	1071760	1071838	1072929
Group2.15	1075181	1075495	1075522	1075878
Group2.15	1067443	1068887	1068995	1069835
Group11.1	567919	569125	569258	570640
Group11.1	453692	454106	454192	454319
Group11.1	412073	412184	412244	412908
Group11.1	459248	460255	460285	460406
Group16.8	188337	189223	189300	192565
Group16.8	974791	977338	977359	979024
Group16.8	627629	629540	629603	629885
Group10.25	296742	297275	297386	298022
Group10.25	191888	198804	198947	200837
Group10.25	286951	287098	287160	287620
Group10.25	63703	64807	64868	65465
Group10.25	92336	109338	109620	115029
Group10.25	307410	307634	307750	308167
Group3.3	160226	164661	164718	166370
Group3.3	156761	164661	164718	166370
Group3.3	204178	230648	230742	230943
Group3.3	363115	363804	363891	364668
Group3.3	362421	363070	363115	363804
Group3.3	362421	363070	363115	364668
Group3.3	362421	363804	363891	364668
Group3.3	154481	155899	155932	156293
Group3.3	314318	314798	315010	315450
Group3.3	359635	359853	359886	361280
Group3.3	170528	172057	172105	173490
Group9.8	762558	763465	763593	764973
Group9.8	773036	773108	773135	773205
Group9.8	392695	399467	399570	400948
Group9.8	516163	526994	527321	539167
GroupUn4465	393	1189	1501	1733
Group6.32	343411	344078	344573	344829
Group6.32	345401	345906	345982	346282
Group6.32	98723	105260	105377	106617
Group6.32	94887	105260	105377	106617
Group6.32	902759	903089	903143	903286
GroupUn217	12875	13002	13034	15899
GroupUn217	17035	17709	17902	18239
Group11.18	2795416	2795781	2795918	2796310
Group11.18	4208524	4208650	4209014	4209123
Group11.18	4199702	4201055	4201127	4201941
Group11.18	4269256	4270045	4270333	4270842
Group11.18	2878695	2878879	2878951	2879314
Group11.18	3312301	3313620	3313699	3341372
Group11.18	1548582	1549504	1549576	1549843
Group11.18	1546211	1546285	1546311	1547616
Group11.18	2798177	2798759	2798783	2798933
Group11.18	2798177	2798759	2798783	2799198
Group11.18	2798177	2798759	2798829	2799198
Group11.18	2798177	2798759	2798990	2799198
Group11.18	2798177	2798933	2798990	2799198
Group11.18	3453131	3461787	3461832	3464815
Group11.18	3310734	3310943	3311003	3311272
Group11.18	4296321	4296488	4296599	4296760
Group11.18	428122	428454	428592	429735
Group11.18	3671337	3672067	3672170	3674701
Group11.18	4394895	4395072	4395101	4395329
Group11.18	4415260	4415888	4416026	4416190
Group11.18	1784957	1785196	1785349	1785723
Group11.18	394477	394669	394699	394824
Group11.18	3797871	3798551	3798732	3800103
Group11.18	3788494	3791544	3792032	3793785
Group11.18	3792032	3793126	3793175	3793785
Group11.18	2938652	2940116	2940145	2941211
Group11.18	2938652	2940116	2940148	2941211
Group11.18	2860453	2861368	2861422	2862069
Group11.18	3220411	3220870	3220894	3275824
Group11.18	1306333	1310287	1310512	1328759
Group11.18	3641886	3642237	3642258	3642573
Group11.18	2798783	2798933	2798990	2799198
Group11.18	4668558	4669482	4669599	4673551
Group11.18	2246848	2247460	2247535	2247778
Group11.18	2647890	2648043	2648097	2648289
Group11.18	3220894	3235223	3235296	3265606
Group11.18	3220894	3235223	3235296	3275824
Group11.18	3220894	3265606	3265717	3275824
Group11.18	4702889	4703393	4703569	4703887
Group11.18	1328870	1328992	1329074	1338113
Group11.18	422886	423595	423634	425208
Group11.18	3235296	3265606	3265717	3275824
Group11.18	1329074	1333353	1333508	1338113
Group11.18	421781	422147	422150	422325
Group11.18	4543287	4592900	4593058	4594121
Group11.18	2572290	2572773	2572803	2573239
Group11.18	2799268	2800348	2800463	2803186
Group11.18	2799268	2800350	2800463	2803186
Group11.18	3736540	3739103	3739211	3739937
Group11.18	3740152	3740901	3740931	3741993
Group11.18	2798052	2798759	2798783	2798933
Group11.18	2798052	2798759	2798783	2799198
Group11.18	2798052	2798759	2798829	2799198
Group11.18	2798052	2798759	2798990	2799198
Group11.18	2798052	2798933	2798990	2799198
Group16.5	275441	278177	278288	279077
Group16.5	275441	279077	279110	280490
Group16.5	120879	121460	121518	124620
Group16.5	428066	428888	428975	430149
Group16.5	157453	157627	157651	157823
Group16.5	253245	268124	268184	274926
Group16.5	420670	420783	420946	421099
Group16.5	420670	420783	420962	421099
Group12.16	4194	5230	5286	5844
Group12.16	687251	784374	784456	800913
Group12.16	371192	371262	371314	372511
Group12.16	454397	454704	454825	454935
Group12.16	735936	784374	784456	800913
Group12.16	802433	802990	803143	804797
Group12.16	148508	148727	148772	149187
Group12.16	335495	348581	348616	355730
Group5.9	68097	69044	69215	70041
Group5.9	1270643	1270747	1270879	1271107
Group5.9	1270643	1270747	1271018	1271107
Group5.9	1037701	1038299	1038776	1039314
Group5.9	70208	71444	71480	72410
Group5.9	443651	445085	445094	446128
Group5.9	938576	938698	938812	938971
Group5.9	78586	80217	80304	101481
Group1.27	403347	404416	404572	405001
Group1.27	403347	404416	404572	410564
Group1.27	403347	404560	404572	405001
Group1.27	403347	404560	404572	410564
Group1.27	403347	405001	405147	410564
Group1.27	404572	405001	405147	410564
Group1.27	186424	187753	187921	189517
Group1.27	189889	197351	197393	200631
Group1.27	326189	326553	326852	327002
Group10.10	36283	38420	38703	41848
Group10.20	21242	21682	21841	22632
Group10.20	45730	45959	46164	46382
Group1.2	728615	729704	729881	731076
Group1.2	743063	744619	744705	745947
Group1.2	727838	728391	728439	728567
Group1.2	727838	728391	728615	729704
Group1.2	727838	728391	728615	731076
Group1.2	727838	728567	728615	729704
Group1.2	727838	728567	728615	731076
Group1.2	727838	729704	729881	731076
Group10.18	94607	96506	96806	97916
Group6.15	320032	321424	321588	322608
Group6.15	313201	313771	313885	314154
Group6.15	305375	306188	306269	311117
Group6.15	313189	313771	313885	314154
Group6.15	314314	315077	315122	315798
GroupUn126	76371	76864	77024	78033
Group7.21	33418	33551	33680	33890
Group7.21	1529647	1529751	1529896	1530357
Group7.21	1156889	1157602	1157782	1160241
Group7.21	1156889	1157602	1157884	1160241
Group7.21	1156889	1157649	1157782	1160241
Group7.21	1156889	1157649	1157884	1160241
Group15.13	53211	53544	53600	54426
Group15.13	396663	396743	396782	396869
Group15.13	222888	223018	223152	223241
Group15.13	3169	3315	3548	4453
Group15.13	3169	4453	4616	5266
Group15.13	408715	409212	409236	409732
Group14.14	926572	929797	929836	934236
Group14.14	102946	103053	103207	103329
Group14.14	925667	926512	926554	929797
Group14.14	925667	926512	926556	929797
Group14.14	925667	926512	926560	929797
Group14.14	925667	926512	926572	929797
Group14.14	925667	926512	926556	934236
Group14.14	925667	926512	926572	934236
Group14.14	925667	929797	929836	934236
Group14.14	17585	17734	17764	18551
Group14.14	208054	218615	218709	224712
Group14.14	926556	929797	929836	934236
Group14.14	143354	148914	149282	151423
Group14.14	143354	149705	149782	151423
Group14.14	753204	791544	791720	792878
Group14.14	753204	791564	791720	792878
Group14.14	12045	12351	12647	12784
Group14.14	263561	264053	264266	266513
Group14.14	383543	385692	385986	387460
Group14.14	149282	149367	149782	151423
Group10.16	84044	126681	126804	129078
Group10.16	42182	83935	84044	126681
Group10.16	42182	83935	84044	129078
Group10.16	42182	126681	126804	129078
Group4.6	178071	178248	178722	181765
Group4.6	639929	641550	641613	654809
Group4.6	639929	646127	646286	654809
Group4.6	639929	646127	646286	666158
Group4.6	639929	646127	646286	676766
Group4.6	639929	646127	646286	676784
Group4.6	639929	654809	654866	666158
Group4.6	639929	654809	654866	676766
Group4.6	639929	654809	654866	676784
Group4.6	639929	666158	666248	676766
Group4.6	639929	666158	666248	676784
Group4.6	424286	424727	424823	424908
Group4.6	624340	625216	625244	625888
Group4.6	691020	703023	703083	716279
Group4.6	1008175	1009200	1009231	1009369
Group4.6	781229	781947	782285	782548
Group4.6	972309	975422	975546	976355
Group4.6	178722	180217	180316	181765
Group4.6	920430	921916	922073	922160
Group4.6	983136	983339	983408	984879
Group4.6	646286	654809	654866	666158
Group4.6	646286	654809	654866	676766
Group4.6	646286	654809	654866	676784
Group4.6	646286	666158	666248	676766
Group4.6	646286	666158	666248	676784
Group4.6	654866	666158	666248	676766
Group4.6	654866	666158	666248	676784
Group1.32	59277	62243	62712	66413
Group1.32	59277	62649	62712	66413
Group1.32	14049	14361	14424	15226
Group1.32	53401	56765	57128	57777
Group1.32	53401	56765	57140	57777
Group1.32	53401	57777	57831	59199
Group1.32	13150	13986	14049	14361
Group1.32	13150	13986	14049	15226
Group1.32	13150	13986	14424	15226
Group1.32	13150	14361	14424	15226
Group6.37	39301	39380	39561	40714
Group6.37	457526	457640	457708	458476
Group6.37	663634	663747	663907	663982
Group6.37	40985	41677	41952	43104
Group6.37	1191791	1192907	1193021	1193643
Group6.37	105303	106808	106999	124324
Group6.37	105303	106836	106999	124324
Group6.37	448861	449774	449865	450660
Group6.37	334143	334559	334782	335342
Group6.37	850209	852980	853138	857651
Group6.37	850209	857651	857694	859627
Group6.37	18905	28767	29157	34018
GroupUn64	50757	50859	50973	51160
Group6.18	34803	37468	37588	63182
Group10.23	1342295	1342606	1342789	1343574
Group10.23	1342295	1342615	1342789	1343574
Group10.23	681135	683201	683559	683933
Group10.23	1132414	1136978	1136994	1148783
Group10.23	1162204	1162344	1162450	1162522
Group12.10	37813	38045	38357	39175
Group14.5	307093	311474	311594	313504
Group8.6	37731	37826	38003	40830
Group8.6	37731	37868	38003	40830
Group8.6	1333373	1333491	1333527	1333899
Group8.6	727376	728089	728212	728295
Group8.6	727376	728132	728212	728295
Group8.6	207498	208416	208480	209520
Group8.6	681720	681994	682138	682206
Group8.6	681720	682035	682138	682206
Group8.6	374066	376209	376260	377426
Group8.6	101053	105773	105837	106029
Group8.6	1781557	1806160	1806190	1807209
Group8.6	1757174	1758851	1759007	1761233
Group8.6	99839	100663	101053	105773
Group8.6	99839	100663	100928	106029
Group8.6	99839	100663	101053	106029
Group8.6	99839	105773	105837	106029
Group8.6	606919	608628	608688	613219
Group8.6	128439	128685	128800	128882
Group8.6	373413	373977	374066	376209
Group8.6	373413	373977	374066	377426
Group8.6	373413	376209	376260	377426
Group8.11	304661	307290	307440	311558
GroupUn56	18986	20065	20161	21878
Group1.35	462364	463328	463468	463773
Group1.35	655413	666262	666536	679711
Group1.35	655413	666262	666539	679711
Group1.35	655413	666277	666536	679711
Group1.35	655413	666277	666539	679711
Group1.35	150644	151236	151386	152002
Group1.35	464316	464769	465123	465379
Group1.35	666536	679711	679735	687333
Group3.9	2052712	2087288	2087489	2095085
Group3.9	1149726	1151044	1151434	1151750
Group3.9	915454	916814	916882	919561
Group3.9	915454	916832	916882	919561
Group3.9	1496085	1532164	1532330	1563796
Group3.9	1912650	2087288	2087489	2095085
Group3.9	576638	578375	578504	587184
Group3.9	2096145	2097570	2097603	2100112
Group3.9	2096145	2097570	2097646	2100112
Group3.9	2096145	2097570	2097603	2100115
Group3.9	1353017	1362125	1362240	1368048
Group3.9	1962999	2087288	2087489	2095085
Group3.9	591032	591620	591717	592887
GroupUn77	15624	60637	60685	61347
Group2.11	1616370	1617615	1617642	1617742
Group2.11	864299	864967	865381	865923
Group2.11	864299	865260	865381	865923
Group2.11	1409990	1411234	1411342	1411646
Group2.11	257452	276234	276450	290561
Group2.11	1426242	1426661	1426898	1427671
Group2.11	949401	950027	950276	951010
Group2.11	1130131	1130543	1130695	1137991
Group2.11	1634591	1634837	1634876	1635552
Group7.9	365628	367549	367615	370018
Group7.9	402578	404374	404507	404958
GroupUn2480	3692	5357	5519	5638
Group1.31	18797	18971	19028	19376
Group10.19	92487	93483	93540	94824
Group2.7	326240	326548	326737	327607
Group2.7	326240	326548	326941	327607
Group2.7	72127	73552	73687	74543
Group2.7	326737	326812	326941	327607
Group2.7	81908	82148	82249	83589
Group2.7	90837	92652	92898	93037
Group2.7	980121	1039401	1039488	1086674
Group2.7	980121	1061679	1061766	1086674
Group2.7	77845	81425	81563	83374
Group2.7	74673	74794	74839	75249
Group4.1	352810	354080	354226	355846
Group9.1	88840	105845	105916	124283
Group9.1	269006	269613	269741	269902
Group2.19	2095183	2095500	2095715	2096683
Group2.19	2954269	2958603	2958752	2958996
Group2.19	35955	37173	37298	39102
Group2.19	2452479	2458074	2458207	2464731
Group2.19	235032	236956	237099	237992
Group2.19	1401243	1401987	1402050	1403363
Group2.19	239866	240152	240200	240559
Group2.19	729706	730904	731023	734473
Group2.19	805736	806713	806874	807242
Group2.19	3817326	3817706	3817775	3825172
Group2.19	3817326	3818647	3818747	3825172
Group2.19	784073	784152	784446	785732
Group2.19	2396970	2397129	2397165	2397664
Group2.19	1212731	1212886	1213048	1214311
Group2.19	1309168	1310758	1310842	1311048
Group2.19	32195	32287	32508	32856
Group2.19	32195	32856	33296	33894
Group2.19	32195	32856	33309	33894
Group2.19	1402050	1402960	1403022	1403363
Group2.19	3683775	3685380	3685533	3698935
Group2.19	3683775	3685380	3685533	3720195
Group2.19	3809664	3810181	3810361	3812291
Group2.19	3348778	3348953	3348977	3349378
Group2.19	1206560	1210625	1210802	1211029
Group2.19	34695	34971	35106	35855
Group2.19	34695	34971	35109	35855
Group2.19	2405802	2413423	2413517	2416873
Group2.19	959132	959565	959733	960245
Group2.19	1803596	1804465	1804786	1805374
Group2.19	1803596	1804498	1804786	1805374
Group2.19	3812447	3814125	3814308	3816074
Group2.19	3812447	3814125	3814329	3816074
Group2.19	1404085	1404585	1404633	1405792
Group2.19	2105	2441	2756	3039
Group2.19	3022316	3055370	3055494	3182553
Group2.19	1806349	1806728	1806818	1807205
Group2.19	1241964	1243391	1243547	1245240
Group2.19	1812847	1813369	1813464	1819869
Group2.19	420444	420873	420917	421116
Group2.19	2404593	2413423	2413517	2416873
Group2.19	37298	37844	38057	38335
Group2.19	1962434	1966856	1967086	1972958
Group2.19	2756	3039	3190	3336
Group2.19	1409617	1426898	1427147	1430613
Group2.19	3810361	3812012	3812447	3816074
Group2.19	3810361	3812291	3812447	3816074
Group12.13	897104	898457	898496	899241
Group12.13	970233	999362	999398	1030487
Group12.13	2163939	2164406	2164522	2165710
Group12.13	1097048	1103500	1103596	1139323
Group12.13	2725370	2726545	2726696	2727306
Group12.13	894747	897062	897104	898457
Group12.13	894747	897062	897104	899241
Group12.13	894747	898457	898496	899241
Group12.13	1562217	1563010	1563030	1563604
Group12.13	1559404	1559715	1559907	1562002
GroupUn240	27597	27780	27882	28274
Group10.26	1106625	1107130	1107189	1107322
Group10.26	1486468	1486587	1486716	1487076
Group10.26	1480905	1481085	1481136	1481792
Group10.26	1929762	1930825	1930989	1931064
Group10.26	409140	409748	409913	410307
Group10.26	1654819	1655075	1655096	1655196
Group10.26	1654819	1655075	1655223	1655562
Group10.26	1654819	1655196	1655223	1655562
Group10.26	1991725	1992470	1992491	1993374
Group10.26	61668	61813	61852	61929
Group10.26	1121157	1121327	1121381	1121479
Group10.26	1671037	1675386	1675852	1682619
Group1.10	469937	470076	470156	470591
Group1.10	469020	469460	469937	470076
Group1.10	476693	490764	490968	515392
Group1.10	476705	490764	490968	515392
Group1.10	793877	806936	807267	828379
Group1.10	214195	218198	218496	222082
Group1.10	214195	218274	218496	222082
Group1.10	214195	218401	218496	222082
Group1.10	144448	144827	145079	145790
Group1.10	807267	822761	822842	828379
Group1.10	1366305	1367172	1367257	1367402
Group1.10	1366305	1367172	1367260	1367402
Group1.10	1366305	1367172	1367311	1367402
Group1.10	1366305	1367172	1367340	1367402
Group1.10	829273	836954	837185	847145
Group1.20	41223	41400	41442	42189
Group3.18	374309	375734	375921	376277
Group3.18	374309	375734	375992	376277
Group3.18	45006	46273	46300	46644
Group3.18	371754	371892	371990	372083
GroupUn152	43979	45368	45679	47682
GroupUn152	47810	48927	48948	52771
Group14.2	75751	77793	77883	80077
Group14.2	61609	63563	63584	66555
Group14.2	61609	63563	63584	68705
Group14.2	61609	63563	63584	72327
Group14.2	61609	66555	66582	68705
Group14.2	61609	68705	68895	72327
Group14.2	63584	66555	66582	68705
Group14.2	63584	68705	68895	72327
GroupUn162	15134	15224	15257	21032
Group13.10	1118128	1119202	1119273	1119702
Group13.10	1117548	1118054	1118128	1119202
Group13.10	80799	82015	82072	83029
Group7.10	504622	557014	557276	575071
Group7.10	331677	332119	332326	332450
Group6.1	548788	550981	551038	555667
Group6.1	116616	116837	116879	117719
Group6.1	104543	113640	113907	116320
Group11.14	97137	97353	97414	97482
Group11.14	168196	175220	175284	177426
Group11.14	168196	175220	175284	194149
Group14.15	1080995	1081942	1082002	1082735
Group14.15	68150	68937	69114	71386
Group14.15	1006384	1006846	1006881	1007001
Group14.15	205721	206031	206115	206489
Group14.15	1431419	1431698	1431764	1432048
Group14.15	47628	47719	47742	48490
Group14.15	46483	47482	47628	48490
Group14.15	46483	47482	47742	48490
Group14.15	1456799	1457515	1457581	1457775
Group14.15	635875	636005	636457	636819
Group14.15	635875	636008	636457	636819
Group14.15	49837	50566	50653	54164
Group14.15	49837	50576	50653	54164
Group14.15	49837	53220	53268	54164
Group14.15	1452981	1453638	1453716	1454390
Group14.15	1282397	1287013	1287043	1293552
Group14.15	1542222	1542504	1542609	1542745
Group14.15	162906	163073	163296	163482
Group14.15	696746	697053	697119	697306
Group14.15	304987	315107	315404	316806
Group14.15	1282388	1287013	1287043	1293552
Group14.15	720268	721965	722040	727203
Group14.15	1455522	1455686	1455812	1455945
Group5.15	213228	214959	215035	215650
Group5.15	3021	5294	5406	6204
Group7.5	228997	273068	273135	276143
Group7.5	24110	60909	60966	83815
Group7.5	329030	330121	330231	332830
Group7.5	329030	330121	330231	345160
Group7.5	345378	347573	347880	349112
Group7.5	345378	347573	347892	349112
GroupUn12	69930	70514	70629	70710
GroupUn12	28173	39500	39586	40217
Group12.17	2843616	2844185	2844377	2845212
Group12.17	1549881	1551770	1552120	1552813
Group12.17	1470527	1472649	1472780	1473812
Group12.17	1470527	1472652	1472780	1473812
Group12.17	2196621	2197133	2197224	2199671
Group9.10	2606497	2607262	2607736	2608598
Group9.10	1954404	1960747	1960811	1961350
Group9.10	2813658	2831187	2831199	2833586
Group9.10	4121796	4151657	4152071	4158662
Group9.10	1699516	1699620	1699723	1699889
Group9.10	2051530	2051813	2051939	2054302
Group9.10	2051530	2051813	2051939	2056288
Group9.10	620927	625241	625348	632323
Group9.10	3008975	3009762	3009987	3025277
Group9.10	809020	809321	809354	810690
Group9.10	1995477	1996407	1996470	1996996
Group9.10	3701708	3702183	3702346	3703644
Group9.10	1941036	1941780	1941877	1944828
Group9.10	2961820	2965898	2965942	2972794
Group9.10	12387	12619	12679	12836
Group9.10	1032049	1034617	1034689	1035182
Group9.10	192075	192515	192693	192982
Group9.10	667215	668159	668216	669923
Group9.10	1784383	1784636	1784657	1784963
Group9.10	1784383	1784636	1784660	1784963
Group8.9	423320	423571	423805	430110
Group8.9	1239663	1243222	1243330	1244018
Group8.9	1233005	1233560	1233623	1235549
Group8.9	1200315	1201755	1201782	1202107
Group8.9	1237178	1239610	1239663	1243222
Group8.9	1237178	1239610	1239663	1244018
Group8.9	1237178	1243222	1243330	1244018
Group8.9	1342680	1347363	1347494	1349853
Group8.9	1224674	1226912	1227038	1228166
Group8.9	502692	505418	505496	506175
Group8.9	1365055	1366967	1367039	1369283
Group8.9	408773	409406	409442	409867
Group8.9	1370734	1372413	1372602	1374959
Group8.9	1370734	1372413	1372602	1374976
Group8.9	1370734	1372419	1372602	1374959
Group8.9	1370734	1372419	1372602	1374976
Group8.9	1265598	1266324	1266347	1267275
Group8.9	1094252	1099315	1099484	1108267
Group8.9	1228338	1228875	1229019	1230561
Group8.9	1230707	1231638	1231692	1232014
Group8.9	1230707	1231638	1232062	1232915
Group8.9	1230707	1232014	1232062	1232915
Group8.9	1230707	1232915	1233005	1235549
GroupUn156	30123	30358	30541	31862
Group3.12	387286	387546	387807	388512
Group12.3	32470	36566	36644	40857
Group12.3	36644	40857	40935	41421
Group12.3	36644	40857	40959	41421
Group12.3	36644	40863	40935	41421
Group12.3	36644	40863	40959	41421
Group12.3	36644	41421	41577	43231
Group12.3	36644	41421	41589	43231
Group12.3	36644	55783	55863	94091
Group12.3	36644	87939	88009	94091
Group12.3	36644	87939	88011	94091
Group12.3	55863	84753	84879	94091
Group12.3	55863	94091	94140	250900
Group12.3	30443	32326	32470	36566
Group12.3	30443	32326	32485	36566
Group12.3	30443	32326	32470	40857
Group12.3	30443	32326	32485	40857
Group12.3	30443	36566	36644	40857
Group12.3	94140	246593	246681	250900
Group12.3	94140	437789	437938	539022
Group12.3	437938	539022	539105	580294
Group12.3	88011	94091	94140	102295
Group12.3	88011	94091	94140	250900
Group12.3	84879	87939	88009	94091
Group12.3	84879	87939	88011	94091
Group12.3	32485	36566	36644	40857
Group12.3	32485	36566	36644	87939
Group12.3	43744	55783	55863	84753
Group12.3	43744	55783	55863	94091
Group12.3	43744	84753	84879	94091
Group3.5	23823	25473	25549	26345
Group3.5	44012	44490	44532	45645
Group3.5	230399	230537	230609	231056
Group10.11	113823	114165	114236	115601
Group10.11	113823	114165	114248	115601
Group10.11	77895	78558	78635	79669
Group14.9	1482765	1489117	1489185	1498560
Group14.9	1469166	1470317	1470353	1471273
Group14.9	1469071	1470317	1470353	1471273
Group14.9	1472836	1482697	1482765	1489117
Group14.9	1472836	1489117	1489185	1493512
Group14.9	1529234	1563311	1563341	1616243
Group14.9	1243564	1244712	1245114	1246969
Group14.9	1369830	1370300	1370397	1370889
Group14.9	1489185	1493512	1493580	1498560
Group15.10	17200	18092	18287	18871
Group15.10	406210	406818	406854	407305
Group15.10	406210	406818	406854	409320
Group15.10	21027	21368	21401	21893
Group15.10	126153	126297	126318	126450
Group15.10	128205	128487	128607	129529
Group15.10	128205	128487	128876	129529
Group15.10	128205	128487	128607	129693
Group15.10	128205	129529	129556	129693
Group15.10	128607	128804	128876	129529
Group15.10	128607	129529	129556	129693
Group15.10	130328	132057	132093	133463
Group15.10	197198	197914	197986	198402
Group15.10	197198	197914	197989	198402
Group15.10	10780	11853	11994	13160
Group15.10	208800	211786	212010	212223
Group6.28	742585	748036	748063	753004
Group4.10	211221	227823	228269	228416
Group4.10	144612	153099	153295	157251
Group4.10	163652	177801	177875	200225
Group4.10	128809	129694	130052	130299
Group5.8	42899	49281	49593	55533
Group13.9	297975	298618	298687	301714
Group1.9	95359	96772	96863	96941
Group1.9	35274	36893	36946	37317
GroupUn131	12302	14744	14820	18244
GroupUn131	12302	14744	14820	18290
Group1.5	8320	9178	9226	9414
Group15.20	1682	2103	2137	2601
Group15.20	1682	2601	2665	3193
Group15.20	1682	3193	3373	3690
Group7.20	83554	94456	94524	99505
Group7.20	83554	94456	94524	105564
Group7.20	83554	99505	99573	105564
Group7.20	203644	206088	206143	207200
Group7.20	19104	20863	21167	23752
Group7.20	73939	75223	75361	82490
Group7.20	94524	99505	99573	105564
Group7.20	8671	11239	11269	13667
Group7.20	3504	7116	7214	11239
Group7.20	3504	7116	7439	11239
Group7.20	73000	73801	73939	75223
Group11.8	227457	230192	230322	243034
Group11.8	227457	230192	230512	243034
Group11.8	227457	230192	230519	243034
Group11.8	227457	230382	230512	243034
Group11.8	227457	230382	230519	243034
Group15.5	326506	326712	326799	327818
Group15.5	94082	94638	94697	191210
Group15.5	218540	218958	219060	249696
Group6.16	996474	998095	998251	998959
Group6.16	646113	646181	646676	646758
Group6.16	1319	1411	1456	2982
Group6.16	1319	1411	1456	4302
Group6.16	1319	2982	3086	4302
Group6.16	1045049	1048122	1048131	1055719
Group6.16	638382	638470	638503	638835
Group6.16	4666	4735	4959	5516
Group6.16	4666	4735	4959	5614
Group6.16	835936	836788	837007	837948
Group6.16	1456	2982	3086	4302
Group6.16	293192	327561	327612	369939
Group6.16	650753	651247	651315	651959
GroupUn138	22884	23474	23570	23961
GroupUn138	22428	22788	22884	23474
Group8.1	83022	93953	94061	106939
Group8.1	267090	269129	269183	270623
Group5.12	1037912	1037994	1038066	1038173
Group5.12	1037912	1038012	1038066	1038173
Group6.14	603701	612489	612788	627136
Group6.14	603701	612489	612788	637104
Group6.14	886131	886996	887119	889584
Group6.14	663026	663698	663800	663986
Group6.14	520957	522425	522485	523015
Group6.14	675662	676629	676778	678011
Group6.14	598264	600018	600111	603527
Group3.8	1767011	1768121	1768296	1768831
Group3.8	1067210	1067326	1067562	1068076
Group3.8	1736863	1737509	1737539	1737870
Group3.8	2079791	2081138	2081396	2087682
Group3.8	1067562	1068076	1068312	1068596
Group3.8	1226425	1240629	1240984	1243465
Group3.8	1226425	1240629	1240984	1259580
Group3.8	1226425	1243465	1243558	1259580
Group3.8	1730631	1732404	1732616	1733601
Group3.8	1771176	1771563	1771590	1772027
Group3.8	303684	303967	304225	304456
Group3.8	1176806	1183830	1183851	1186519
Group3.8	1176806	1185289	1185316	1186519
Group3.8	1240984	1243465	1243558	1259580
Group3.8	297215	297614	297743	298514
Group3.8	1769110	1769638	1769678	1770119
Group3.8	1769110	1770119	1770144	1770894
Group4.11	109115	112081	112328	114367
GroupUn429	2347	4988	5038	6606
GroupUn429	2347	4988	5056	6606
Group10.17	32711	34038	34094	36077
Group10.17	323266	327999	328074	329755
Group13.3	417008	418099	418196	419696
Group13.3	57806	57891	58366	58524
Group13.3	418196	418645	418707	419696
Group13.3	49222	49888	50021	50121
Group8.12	174808	174886	174959	175408
Group4.7	301100	301230	301253	301370
Group4.7	216415	216862	216892	230897
Group4.7	300503	301067	301100	301230
Group2.18	411537	412143	412263	413009
Group2.18	411537	412198	412263	413009
Group2.18	504379	504888	505108	506841
Group2.18	715698	716234	716562	717321
Group2.18	868926	887405	887562	894714
Group3.15	623019	624328	624542	625369
Group3.15	328227	329118	329130	329411
Group3.15	612356	614780	615134	622751
Group3.15	612356	614780	615134	625369
Group3.15	612356	622751	623006	625369
Group3.15	612356	622751	623019	625369
Group3.15	640616	674687	674777	675358
Group3.15	638017	639293	639337	639687
Group3.15	638017	639304	639337	639687
Group3.15	324615	326300	326327	327727
Group3.15	611004	612160	612356	622751
Group3.15	611004	612163	612356	622751
Group3.15	623006	624328	624542	625369
Group3.15	615134	622751	623006	625369
Group3.15	615134	622751	623019	625369
Group3.15	330322	332158	332254	339446
Group10.27	172155	172443	172749	173769
Group10.27	37241	37789	38101	38294
Group10.27	385556	386559	386660	393591
GroupUn86	119873	119949	120118	120191
GroupUn6	283865	284424	284476	284928
GroupUn6	250005	257450	257462	259084
GroupUn6	250005	257450	257506	259084
GroupUn6	280197	280314	280441	282374
GroupUn6	101477	112282	112340	114373
GroupUn6	101477	114373	114523	114942
GroupUn6	192488	193804	193925	194674
GroupUn6	117769	118059	118353	118853
GroupUn6	99222	100342	100597	100749
Group7.7	280908	281305	281467	281646
Group7.7	264199	264903	265004	265652
Group7.7	264199	264947	265004	265652
Group7.7	149379	149639	149711	150016
Group7.7	214986	215047	215127	215229
Group7.7	214986	215077	215127	215229
GroupUn14	49195	53996	54258	56394
GroupUn14	641	1238	1351	1671
Group1.8	303742	304113	304304	304641
Group1.8	303742	304116	304304	304641
Group1.8	304996	305225	305310	306040
Group1.8	78578	81247	81403	86985
Group1.8	18242	25219	25364	27150
Group8.14	36776	38861	39000	40305
Group8.14	386367	428508	428562	507937
Group8.14	238389	240005	240039	243001
Group8.14	58738	58878	59369	59541
Group1.17	421882	422823	422850	423531
Group1.17	632543	633224	633320	635039
Group1.17	575879	575982	576140	576618
Group1.17	570166	570774	570930	571122
Group1.17	626567	626827	626962	627276
Group1.17	627456	627733	627847	628601
GroupUn5053	2845	9067	9496	10572
Group11.4	49384	49906	49936	50314
Group11.4	50417	50541	50703	52373
Group15.16	236637	236717	237008	238040
Group15.16	236637	238040	238115	238199
Group8.17	718842	720573	720594	752100
Group8.17	717170	718809	718842	720573
Group8.17	717170	718809	718842	752100
Group8.17	717170	720573	720594	752100
Group8.17	95084	95280	95308	95442
Group5.4	324420	326821	326926	331666
Group5.4	324420	326824	326926	331666
Group7.19	76816	81684	81717	85388
Group7.19	76816	81688	81717	85388
Group15.11	217406	217714	217939	218303
Group15.11	435177	435323	435556	436444
Group15.11	435177	436444	436607	437255
Group14.10	835154	836175	836310	837725
Group14.10	471011	472198	472301	476303
Group14.10	440224	440534	440642	441333
Group14.10	607348	643243	643351	693067
Group6.23	1332735	1332816	1332994	1333873
Group6.23	1332735	1332816	1333036	1333873
Group6.23	1413823	1415304	1415673	1417056
Group6.23	1413823	1415304	1415676	1417056
Group6.23	1410808	1412099	1412213	1413692
Group7.16	117836	118786	119166	119475
Group7.16	117836	118789	119166	119475
Group9.5	582087	584189	584424	586545
Group3.1	71453	85202	85251	208067
Group3.1	85251	115232	115324	208067
Group1.42	14212	14431	14548	14825
Group1.42	319723	320288	320408	320971
Group1.42	319723	320971	321067	321498
Group1.42	12465	12669	12728	13620
Group1.42	321067	321498	321597	322936
Group1.42	15535	16174	16238	16960
Group1.42	309284	309994	310105	311977
Group1.42	940673	943445	943589	946621
Group13.6	192674	193427	193452	193606
Group13.6	195276	196498	196606	196888
Group13.6	10060	10678	10933	29395
Group13.6	10060	10789	10933	29395
Group13.6	39017	51429	51831	112969
Group13.6	39017	107466	107733	112969
Group2.12	214588	216005	216283	220479
Group2.12	216283	220479	220545	251927
Group2.12	252011	253403	253436	260239
Group2.12	146380	148121	148280	148762
Group2.12	152841	155196	155337	157545
Group2.12	159096	160275	160321	161513
Group2.12	220545	221772	221877	251927
Group2.12	220545	233163	233235	251927
Group5.11	210283	243826	243907	245320
Group5.11	249916	255260	255355	258755
Group5.11	248349	249821	249916	255260
Group5.11	248349	249821	249916	258755
Group5.11	248349	255260	255355	258755
Group5.11	719818	721792	721879	722863
Group5.11	146083	243826	243907	245320
Group5.11	658607	659073	659204	659339
